#t x y z vx vy vz
0.00 -476.22 491.44 -412.41 45.33 101.98 142.02
0.07 -472.95 498.95 -402.04 48.24 106.43 147.11
0.14 -469.31 506.75 -391.36 58.54 111.42 150.78
0.21 -464.94 514.98 -380.31 63.15 116.57 159.98
0.29 -460.10 523.46 -368.46 71.81 123.80 170.88
0.36 -454.54 532.59 -355.76 81.39 129.04 183.43
0.43 -448.10 541.96 -342.36 96.31 133.64 191.17
0.50 -440.90 551.43 -328.53 108.41 135.03 202.87
0.57 -432.44 561.14 -313.84 130.05 136.89 210.53
0.64 -422.29 570.89 -298.25 153.81 133.87 222.67
0.71 -410.45 580.34 -281.70 177.90 126.65 235.18
0.79 -396.70 588.86 -264.64 205.43 113.67 242.97
0.86 -380.91 596.26 -247.17 236.44 93.19 247.58
0.93 -362.70 601.80 -229.41 263.46 59.80 245.41
1.00 -343.30 605.11 -212.11 280.17 32.02 237.29
1.07 -323.07 606.34 -195.61 287.86 1.99 220.24
1.14 -302.65 605.52 -180.45 286.57 -25.17 203.89
1.21 -282.30 602.79 -166.47 281.44 -53.33 186.60
1.29 -262.54 598.36 -153.56 271.24 -68.65 175.54
1.36 -243.40 592.97 -141.35 262.72 -81.43 164.15
1.43 -224.84 586.56 -130.16 256.69 -96.41 150.28
1.50 -206.97 579.30 -119.82 244.56 -107.60 139.31
1.57 -189.86 571.29 -110.35 237.02 -115.52 129.87
1.64 -173.30 562.82 -101.42 227.44 -122.79 119.67
1.71 -157.33 553.80 -93.08 217.69 -131.03 112.43
1.79 -142.17 544.24 -85.40 207.54 -135.56 104.80
1.86 -127.68 534.38 -78.19 199.09 -141.78 98.46
1.93 -113.68 524.06 -71.44 190.69 -147.65 90.26
2.00 -100.29 513.29 -65.17 182.50 -155.01 84.07
2.07 -87.64 502.08 -59.30 171.14 -157.58 79.95
2.14 -75.69 490.79 -53.86 168.15 -157.20 73.46
2.21 -63.99 479.38 -48.94 156.66 -161.27 68.14
2.29 -52.98 467.62 -44.13 149.97 -165.40 63.31
2.36 -42.38 455.61 -39.88 144.11 -170.01 58.47
2.43 -32.36 443.39 -35.73 134.61 -170.64 56.20
2.50 -23.06 431.08 -31.83 124.32 -176.33 51.56
2.57 -14.37 418.42 -28.18 116.46 -179.03 47.27
2.64 -6.25 405.46 -24.91 111.43 -185.65 44.29
2.71 1.36 392.09 -22.01 102.79 -186.96 38.35
2.79 8.54 378.66 -19.49 97.64 -189.99 33.24
2.86 15.21 364.89 -17.08 88.89 -195.97 29.90
2.93 21.00 350.72 -15.07 76.87 -200.40 24.60
3.00 26.23 336.34 -13.36 68.86 -203.27 21.76
3.07 30.76 321.64 -11.78 58.22 -207.92 18.73
3.14 34.52 306.55 -10.59 47.63 -213.86 15.54
3.21 37.49 291.15 -9.83 36.78 -218.24 8.78
3.29 39.50 275.33 -9.48 20.88 -223.21 3.25
3.36 40.36 259.28 -9.35 4.84 -228.19 -0.96
3.43 40.20 242.82 -9.53 -13.28 -231.92 -7.11
3.50 38.43 226.07 -10.27 -32.21 -238.68 -14.07
3.57 35.50 208.78 -11.49 -54.35 -244.94 -20.52
3.64 30.87 191.18 -13.29 -79.97 -246.20 -32.18
3.71 24.00 173.66 -16.03 -113.68 -243.07 -44.04
3.79 14.48 156.60 -19.65 -152.04 -232.36 -56.77
3.86 2.47 140.76 -24.24 -188.06 -210.42 -71.71
3.93 -12.02 126.70 -29.65 -219.98 -178.97 -81.14
4.00 -28.67 115.67 -35.70 -246.17 -128.95 -86.15
4.07 -47.00 108.42 -41.57 -260.07 -70.27 -78.51
4.14 -65.32 105.74 -46.97 -250.82 -1.98 -66.69
4.21 -82.23 108.14 -51.00 -219.33 69.45 -47.06
4.29 -96.03 115.23 -53.70 -166.16 123.71 -29.06
4.36 -105.59 125.36 -55.00 -104.65 154.61 -10.29
4.43 -111.04 137.01 -55.05 -46.87 169.03 6.86
4.50 -112.60 149.11 -54.13 1.30 169.70 16.36
4.57 -111.12 161.09 -52.68 39.51 165.45 25.65
4.64 -107.07 172.70 -50.59 71.79 160.42 30.74
4.71 -100.87 183.86 -48.17 100.63 153.76 39.51
4.79 -92.71 194.45 -45.02 125.21 145.92 49.60
4.86 -82.91 204.63 -41.14 148.54 137.67 59.54
4.93 -71.64 214.18 -36.40 167.30 129.80 71.99
5.00 -59.15 223.24 -30.84 183.17 123.05 85.70
5.07 -45.28 231.98 -23.99 206.18 120.58 106.49
5.14 -29.80 240.37 -15.12 230.53 113.38 144.49
5.21 -12.44 247.62 -2.60 255.38 86.44 213.28
5.29 5.41 250.79 15.27 232.29 -6.19 277.15
5.36 20.03 247.46 34.68 179.66 -81.36 260.14
5.43 31.44 240.48 51.84 142.09 -112.77 221.15
5.50 40.69 231.85 66.18 117.75 -131.76 184.20
5.57 48.55 222.06 78.45 94.39 -142.64 156.86
5.64 54.85 211.45 88.70 77.64 -149.68 128.55
5.71 59.98 200.52 97.14 62.94 -158.03 104.48
5.79 64.13 189.07 103.88 50.52 -162.13 81.80
5.86 67.27 177.33 108.81 33.81 -167.49 58.05
5.93 68.70 165.20 111.96 20.19 -167.59 36.58
6.00 69.91 153.20 113.75 6.92 -168.65 11.76
6.07 70.41 141.47 114.09 -4.02 -166.26 -11.18
6.14 69.32 129.65 112.12 -18.62 -160.99 -36.45
6.21 67.43 118.37 108.39 -31.98 -155.34 -65.91
6.29 64.13 107.62 102.27 -47.02 -142.23 -98.35
6.36 60.18 98.10 94.13 -63.95 -125.62 -129.62
6.43 55.13 89.88 83.65 -76.69 -102.63 -162.51
6.50 49.24 83.62 70.77 -89.35 -71.80 -197.68
6.57 42.30 80.08 55.54 -102.23 -25.92 -228.46
6.64 34.85 80.29 38.16 -107.51 34.60 -254.37
6.71 27.17 85.58 19.90 -99.80 115.47 -253.70
6.79 20.86 96.46 2.76 -75.98 186.31 -217.88
6.86 16.66 111.35 -10.51 -39.59 224.76 -151.79
6.93 15.00 127.73 -19.15 -8.12 231.37 -89.83
7.00 15.50 143.84 -23.52 19.80 216.57 -37.56
7.07 17.47 158.51 -24.66 39.33 195.26 4.15
7.14 21.04 171.63 -23.29 55.18 172.52 36.18
7.21 25.36 182.92 -19.81 66.21 145.86 62.14
7.29 30.44 192.39 -14.37 77.24 119.97 85.98
7.36 36.31 199.92 -7.57 85.84 91.23 104.28
7.43 42.79 205.43 0.44 93.25 64.46 121.33
7.50 49.63 208.98 9.61 99.22 32.72 134.50
7.57 56.84 210.23 19.54 103.34 2.69 144.63
7.64 64.21 209.30 30.19 103.23 -29.88 153.58
7.71 71.55 206.01 41.52 102.66 -64.65 161.59
7.79 78.93 200.18 53.20 104.93 -101.47 162.89
7.86 86.31 191.55 64.72 102.30 -140.14 161.73
7.93 93.64 179.90 76.16 96.01 -186.16 156.80
8.00 100.26 165.03 86.96 89.77 -231.28 142.98
8.07 106.07 146.54 96.28 72.86 -283.66 115.40
8.14 110.33 124.71 103.01 45.61 -328.10 67.99
8.21 112.36 100.32 105.40 10.08 -353.01 -5.30
8.29 110.93 76.07 100.83 -36.15 -327.91 -89.01
8.36 107.52 54.27 93.22 -72.35 -263.54 -149.31
8.43 101.79 38.17 81.37 -84.44 -187.38 -178.41
8.50 95.66 27.48 68.35 -86.70 -115.44 -181.27
8.57 89.53 21.59 55.62 -80.69 -51.92 -172.46
8.64 84.12 19.66 43.93 -74.50 -4.73 -153.28
8.71 79.27 20.87 33.94 -57.38 37.47 -126.28
8.79 75.73 24.80 26.06 -40.82 70.34 -96.87
8.86 73.56 30.74 20.20 -23.13 95.22 -65.14
8.93 72.75 38.32 16.80 -1.15 116.07 -29.99
9.00 73.18 47.17 15.73 16.79 131.76 3.57
9.07 75.13 56.93 17.27 37.54 140.55 40.93
9.14 78.63 67.18 21.68 61.27 143.80 83.84
9.21 83.83 77.40 29.29 85.33 140.51 127.82
9.29 91.02 87.01 40.11 116.26 128.08 175.52
9.36 100.61 95.17 54.62 149.48 97.48 229.62
9.43 112.58 100.19 72.90 179.85 37.89 281.27
9.50 126.69 99.81 94.21 208.75 -55.71 310.11
9.57 141.77 91.62 115.84 204.91 -173.21 287.18
9.64 155.28 76.14 133.66 166.22 -245.89 206.27
9.71 165.49 57.86 145.49 119.56 -259.32 125.37
9.79 172.30 39.87 151.95 75.86 -242.26 59.91
9.86 176.59 23.68 154.52 44.25 -211.90 11.68
9.93 178.62 9.74 153.94 14.09 -178.98 -25.46
10.00 178.92 -1.62 150.94 -7.68 -140.98 -58.21
10.07 177.64 -10.16 145.81 -30.15 -99.49 -84.80
10.14 174.82 -15.61 139.15 -47.33 -54.09 -103.65
10.21 170.91 -17.68 131.17 -62.37 -1.90 -119.52
10.29 165.89 -15.83 122.45 -74.71 53.80 -123.99
10.36 160.11 -9.75 113.52 -85.40 119.27 -124.26
10.43 154.07 1.48 105.24 -83.16 195.10 -103.63
10.50 148.78 18.23 99.55 -60.35 274.35 -50.73
10.57 150.09 41.03 105.10 -1.15 317.78 43.57
10.64 148.83 61.55 105.68 67.46 274.29 135.34
10.71 155.40 78.25 117.26 112.27 192.66 180.02
10.79 164.45 89.06 130.75 135.37 108.51 192.79
10.86 174.39 94.23 144.30 141.75 36.83 186.16
10.93 184.52 94.74 157.05 137.51 -22.46 169.99
11.00 194.16 91.00 168.34 131.82 -78.58 144.64
11.07 202.97 83.67 177.59 117.56 -124.56 113.74
11.14 210.65 73.21 184.36 96.54 -166.38 78.06
11.21 216.38 60.11 188.32 66.27 -198.59 34.01
11.29 219.91 45.06 188.95 31.22 -222.50 -14.52
11.36 220.67 28.68 185.63 -12.08 -234.28 -77.90
11.43 217.76 12.26 177.60 -69.46 -219.01 -146.57
